1 100 5
 
 1 1 0 0 0 1 1 1 1 0 0 0 0
 0 1 0 0 0 1 0 0 1 1 1 0 0
 0 1 0 0 0 1 1 0 0 0 1 0 0
 0 1 1 1 0 0 1 1 1 0 1 1 0
 0 0 0 1 1 0 0 0 1 0 0 1 0
 0 0 0 0 1 1 1 1 1 0 0 0 0

 -1 -1 -1 -1 -1 -1 -1 -1 -1 -1 -1 -1 -1
 -1 -1 -1 -1 -1 -1 -1 -1 -1 -1 -1 -1 -1
 -1 -1 -1 -1 -1 -1 -1 2 -1 -1 -1 -1 -1
 -1 -1 -1 -1 -1 -1 -1 -1 -1 -1 -1 -1 -1
 -1 -1 -1 -1 -1 -1 -1 3 -1 -1 -1 0 -1
 -1 -1 -1 -1 -1 -1 -1 -1 -1 -1 -1 -1 -1

5
 
5  0 0 0 0 0 
6  0 0 0 0 0 1 
7  0 0 0 0 0 0 3 
8  0 0 0 1 0 0 0 1 
10  0 0 0 1 0 0 0 3 0 3 
