4 100 100

 0  0  0  0  0  1  1  1  0  0  0  0  0
 0  1  1  1  0  1  0  1  1  1  0  0  0
 0  1  0  1  0  1  0  0  0  1  0  0  0
 0  1  0  1  0  1  0  1  1  1  0  1  0
 1  1  0  1  1  1  0  1  0  0  0  1  0
 0  0  0  0  0  0  0  1  1  1  1  1  0

-1 -1 -1 -1 -1 -1 -1 -1 -1 -1 -1 -1 -1
-1 -1 -1 -1 -1 -1 -1 -1 -1 -1 -1 -1 -1
-1 -1 -1 -1 -1 -1 -1 -1 -1 -1 -1 -1 -1
-1 -1 -1 -1 -1 -1 -1 -1 -1 -1 -1  0 -1
-1 -1 -1 -1 -1 -1 -1 -1 -1 -1 -1 -1 -1
-1 -1 -1 -1 -1 -1 -1 -1 -1 -1 -1 -1 -1

7

5   0 1 1 1 1
5   0 2 1 0 2
6   1 1 1 2 0 2
7   0 1 1 1 2 1 3
8   0 2 1 0 1 3 1 2
9   1 1 2 0 0 3 2 1 4
10  0 1 1 1 2 3 2 1 4 8  