5 100 100

 0  0  0  0  0  1  1  1  0  0  0  0  0
 1  1  0  0  0  1  0  1  0  1  1  1  0
 0  1  0  0  0  1  0  1  0  1  0  0  0
 0  1  1  0  1  1  0  1  0  1  1  0  0
 0  0  1  0  1  0  0  1  0  0  1  0  0
 0  0  1  1  1  0  0  1  1  1  1  0  0

-1 -1 -1 -1 -1 -1 -1 -1 -1 -1 -1 -1 -1
-1 -1 -1 -1 -1 -1 -1 -1 -1 -1 -1  0 -1
-1 -1 -1 -1 -1 -1 -1 -1 -1 -1 -1 -1 -1
-1 -1 -1 -1 -1 -1 -1 -1 -1 -1 -1 -1 -1
-1 -1 -1 -1 -1 -1 -1 -1 -1 -1 -1 -1 -1
-1 -1 -1 -1 -1 -1 -1 -1 -1 -1 -1 -1 -1

8

5   1 1 1 0 2
6   1 2 1 1 1 3
6   1 2 3 4 0 2
7   2 4 0 1 1 4 3
8   1 3 3 2 1 1 4 4
9   3 2 1 0 2 2 4 4 4
10  2 2 1 1 1 4 3 2 3 4
11  1 1 3 4 1 2 2 4 3 1 9  