1 100 100

 1  1  0  0  0  1  1  1  1  0  0  0  0
 0  1  0  0  0  1  0  0  1  1  1  0  0
 0  1  0  0  0  1  1  0  0  0  1  0  0
 0  1  1  1  0  0  1  1  1  0  1  1  0
 0  0  0  1  1  0  0  0  1  0  0  1  0
 0  0  0  0  1  1  1  1  1  0  0  0  0

-1 -1 -1 -1 -1 -1 -1 -1 -1 -1 -1 -1 -1
-1 -1 -1 -1 -1 -1 -1 -1 -1 -1 -1 -1 -1
-1 -1 -1 -1 -1 -1 -1 -1 -1 -1 -1 -1 -1
-1 -1 -1 -1 -1 -1 -1 -1 -1 -1 -1 -1 -1
-1 -1 -1 -1 -1 -1 -1 -1 -1 -1 -1  0 -1
-1 -1 -1 -1 -1 -1 -1 -1 -1 -1 -1 -1 -1

5

5   0 0 0 0 0
6   0 0 0 0 0 1
7   0 0 0 0 0 0 3
8   0 0 0 1 0 0 0 1
10  0 0 0 1 0 0 0 3 0 5  