2 100 100

 0  1  1  1  1  1  0  0  0  0  0  0  0
 0  1  0  0  0  1  1  1  0  0  0  1  0
 0  1  1  1  0  0  0  1  0  0  0  1  0
 0  0  0  1  0  1  1  1  0  0  0  1  0
 0  1  1  1  0  1  0  0  0  0  1  1  0
 1  1  0  0  0  1  1  1  1  1  1  0  0

-1 -1 -1 -1 -1 -1 -1 -1 -1 -1 -1 -1 -1
-1 -1 -1 -1 -1 -1 -1 -1 -1 -1 -1  0 -1
-1 -1 -1 -1 -1 -1 -1 -1 -1 -1 -1 -1 -1
-1 -1 -1 -1 -1 -1 -1 -1 -1 -1 -1 -1 -1
-1 -1 -1 -1 -1 -1 -1 -1 -1 -1 -1 -1 -1
-1 -1 -1 -1 -1 -1 -1 -1 -1 -1 -1 -1 -1

6

5   1 0 0 0 1
6   0 0 1 0 1 3
7   1 0 0 3 0 1 1
8   1 0 1 0 3 0 0 3
9   1 0 0 3 0 0 1 0 3
10  1 0 3 0 1 0 0 3 1 3  