3 100 100

 0  0  1  1  1  1  0  0  0  1  1  1  0
 0  0  1  0  0  1  0  0  0  1  0  1  0
 1  1  1  0  0  1  0  0  1  1  0  1  0
 0  0  0  1  1  1  0  0  1  0  0  1  0
 0  0  0  1  0  0  1  1  1  0  0  1  0
 0  0  0  1  1  1  1  0  0  0  0  0  0

-1 -1 -1 -1 -1 -1 -1 -1 -1 -1 -1 -1 -1
-1 -1 -1 -1 -1 -1 -1 -1 -1 -1 -1 -1 -1
-1 -1 -1 -1 -1 -1 -1 -1 -1 -1 -1 -1 -1
-1 -1 -1 -1 -1 -1 -1 -1 -1 -1 -1 -1 -1
-1 -1 -1 -1 -1 -1 -1 -1 -1 -1 -1  0 -1
-1 -1 -1 -1 -1 -1 -1 -1 -1 -1 -1 -1 -1

6

5   0 0 0 1 2
6   0 2 0 0 1 2
7   1 1 0 0 2 1 2
8   1 1 2 0 0 1 2 2
9   0 0 0 0 2 2 2 0 1
10  1 1 1 0 0 2 2 2 2 2  